{
  "advancedEditorSelectedIdentifier" : "ProjectBrowser",
  "openSceneRelativePaths" : [
    "Immersive.usda"
  ],
  "recentIdentifiers" : {
    "AF09ED6F-1707-48FD-8720-65B998362C09" : [

    ]
  },
  "sceneCameraHistory" : {
    "AF09ED6F-1707-48FD-8720-65B998362C09" : [
      {
        "date" : 748420677.523437,
        "title" : "Untitled",
        "transform" : [
          0.94863224,
          2.2472757e-09,
          -0.3163812,
          0,
          -0.09794544,
          0.9508733,
          -0.29367802,
          0,
          0.30083838,
          0.30958048,
          0.902029,
          0,
          -0.19663875,
          -0.14267674,
          0.2675086,
          1
        ]
      },
      {
        "date" : 748420674.401418,
        "title" : "Untitled",
        "transform" : [
          0.94863224,
          3.1324436e-09,
          -0.31638116,
          0,
          -0.09794543,
          0.9508733,
          -0.29367802,
          0,
          0.30083835,
          0.30958048,
          0.902029,
          0,
          -0.22432846,
          -0.16646138,
          0.17396472,
          1
        ]
      },
      {
        "date" : 748409621.436083,
        "title" : "Untitled",
        "transform" : [
          0.9486321,
          2.3888669e-09,
          -0.31638113,
          0,
          -0.09794542,
          0.95087326,
          -0.29367802,
          0,
          0.30083835,
          0.30958048,
          0.90202886,
          0,
          -0.026353931,
          -0.073162876,
          0.3955268,
          1
        ]
      },
      {
        "date" : 748409618.829604,
        "title" : "Untitled",
        "transform" : [
          0.99577224,
          -5.308559e-10,
          0.09185677,
          0,
          0.015788483,
          0.9851177,
          -0.17115484,
          0,
          -0.09048972,
          0.17188151,
          0.98095274,
          0,
          -0.16918507,
          -0.12088549,
          0.36045954,
          1
        ]
      },
      {
        "date" : 748409615.171606,
        "title" : "Untitled",
        "transform" : [
          0.78789663,
          1.0030258e-09,
          0.6158075,
          0,
          -0.013254683,
          0.9997684,
          0.016958741,
          0,
          -0.61566484,
          -0.02152407,
          0.7877142,
          0,
          -0.16918507,
          -0.12088549,
          0.36045954,
          1
        ]
      },
      {
        "date" : 748409612.3646,
        "title" : "Untitled",
        "transform" : [
          0.972339,
          -1.978066e-09,
          0.23357414,
          0,
          0.0019324673,
          0.9999658,
          -0.008044603,
          0,
          -0.23356616,
          0.008273456,
          0.9723058,
          0,
          -0.16918507,
          -0.12088549,
          0.36045954,
          1
        ]
      },
      {
        "date" : 748409609.586597,
        "title" : "Untitled",
        "transform" : [
          0.87957704,
          2.4989506e-09,
          0.47575662,
          0,
          -0.17766486,
          0.9276558,
          0.32846615,
          0,
          -0.4413383,
          -0.37343645,
          0.8159446,
          0,
          -0.16918507,
          -0.12088549,
          0.36045954,
          1
        ]
      },
      {
        "date" : 748409586.077068,
        "title" : "Untitled",
        "transform" : [
          0.87957704,
          2.4989506e-09,
          0.47575662,
          0,
          -0.17766486,
          0.9276558,
          0.32846615,
          0,
          -0.4413383,
          -0.37343645,
          0.8159446,
          0,
          -0.12935264,
          -0.12331382,
          0.28496522,
          1
        ]
      },
      {
        "date" : 748409583.584001,
        "title" : "Untitled",
        "transform" : [
          0.87957704,
          2.4989506e-09,
          0.47575662,
          0,
          -0.17766486,
          0.9276558,
          0.32846615,
          0,
          -0.4413383,
          -0.37343645,
          0.8159446,
          0,
          -0.14838043,
          -0.12108162,
          0.32155854,
          1
        ]
      },
      {
        "date" : 748409579.108067,
        "title" : "Untitled",
        "transform" : [
          0.8927968,
          -7.845513e-10,
          0.45045954,
          0,
          -0.0117203845,
          0.9996615,
          0.023229439,
          0,
          -0.4503071,
          -0.02601873,
          0.8924946,
          0,
          -0.020491304,
          -0.022128299,
          0.08659492,
          1
        ]
      }
    ]
  }
}